im_idx: 0, iters: 1, loss: -2.28, w: [0.10500000000000001, 0.1, 0.1, 0.1, 0.1, 0.1, 0.1, 0.1, 0.1, 0.1]
im_idx: 1, iters: 1, loss: -0.05, w: [0.10500000000000001, 0.095, 0.10500000000000001, 0.10500000000000001, 0.10500000000000001, 0.1, 0.1, 0.1, 0.1, 0.1]
im_idx: 2, iters: 1, loss: -4.79, w: [0.095, 0.1, 0.1, 0.1, 0.1, 0.1, 0.1, 0.1, 0.1, 0.1]
im_idx: 3, iters: 1, loss: -3.91, w: [0.10500000000000001, 0.1, 0.1, 0.1, 0.1, 0.1, 0.1, 0.1, 0.1, 0.1]
im_idx: 4, iters: 1, loss: -6.02, w: [0.1, 0.1, 0.1, 0.1, 0.1, 0.1, 0.1, 0.1, 0.1, 0.1]
im_idx: 5, iters: 1, loss: -7.41, w: [0.1, 0.1, 0.1, 0.1, 0.1, 0.1, 0.1, 0.1, 0.1, 0.1]
im_idx: 6, iters: 1, loss: -2.78, w: [0.1, 0.1, 0.1, 0.1, 0.1, 0.1, 0.1, 0.1, 0.1, 0.1]
im_idx: 7, iters: 1, loss: -2.02, w: [0.1, 0.1, 0.1, 0.1, 0.1, 0.1, 0.1, 0.1, 0.1, 0.1]
im_idx: 8, iters: 1, loss: -0.73, w: [0.10500000000000001, 0.095, 0.095, 0.10500000000000001, 0.095, 0.1, 0.1, 0.1, 0.1, 0.1]
im_idx: 9, iters: 1, loss: -1.30, w: [0.10500000000000001, 0.1, 0.1, 0.1, 0.1, 0.1, 0.1, 0.1, 0.1, 0.1]
im_idx: 10, iters: 1, loss: -2.33, w: [0.1, 0.1, 0.1, 0.1, 0.1, 0.1, 0.1, 0.1, 0.1, 0.1]
im_idx: 11, iters: 1, loss: -0.76, w: [0.10500000000000001, 0.10500000000000001, 0.1, 0.1, 0.1, 0.1, 0.1, 0.1, 0.1, 0.1]
im_idx: 12, iters: 1, loss: -5.48, w: [0.1, 0.1, 0.1, 0.1, 0.1, 0.1, 0.1, 0.1, 0.1, 0.1]
im_idx: 13, iters: 1, loss: -0.26, w: [0.10500000000000001, 0.1, 0.1, 0.1, 0.1, 0.1, 0.1, 0.1, 0.1, 0.1]
im_idx: 14, iters: 1, loss: -6.78, w: [0.1, 0.1, 0.1, 0.1, 0.1, 0.1, 0.1, 0.1, 0.1, 0.1]
im_idx: 15, iters: 1, loss: -3.46, w: [0.1, 0.1, 0.1, 0.1, 0.1, 0.1, 0.1, 0.1, 0.1, 0.1]
im_idx: 16, iters: 1, loss: -5.84, w: [0.1, 0.1, 0.1, 0.1, 0.1, 0.1, 0.1, 0.1, 0.1, 0.1]
im_idx: 17, iters: 1, loss: -0.41, w: [0.1, 0.1, 0.1, 0.1, 0.1, 0.1, 0.1, 0.1, 0.1, 0.1]
im_idx: 18, iters: 2, loss: -2.60, w: [0.095, 0.1, 0.1, 0.1, 0.1, 0.1, 0.1, 0.1, 0.1, 0.1]
im_idx: 19, iters: 1, loss: -0.85, w: [0.1, 0.1, 0.1, 0.1, 0.1, 0.1, 0.1, 0.1, 0.1, 0.1]
im_idx: 20, iters: 1, loss: -0.91, w: [0.1, 0.1, 0.1, 0.1, 0.1, 0.1, 0.1, 0.1, 0.1, 0.1]
im_idx: 21, iters: 1, loss: -3.93, w: [0.1, 0.1, 0.1, 0.1, 0.1, 0.1, 0.1, 0.1, 0.1, 0.1]
im_idx: 22, iters: 1, loss: -2.91, w: [0.1, 0.1, 0.1, 0.1, 0.1, 0.1, 0.1, 0.1, 0.1, 0.1]
im_idx: 23, iters: 1, loss: -2.89, w: [0.10500000000000001, 0.1, 0.1, 0.1, 0.1, 0.1, 0.1, 0.1, 0.1, 0.1]
im_idx: 24, iters: 1, loss: -0.15, w: [0.10500000000000001, 0.1, 0.1, 0.1, 0.1, 0.1, 0.1, 0.1, 0.1, 0.1]
im_idx: 25, iters: 1, loss: -1.37, w: [0.095, 0.095, 0.1, 0.1, 0.1, 0.1, 0.1, 0.1, 0.1, 0.1]
im_idx: 26, iters: 1, loss: -1.46, w: [0.095, 0.10500000000000001, 0.1, 0.1, 0.1, 0.1, 0.1, 0.1, 0.1, 0.1]
im_idx: 27, iters: 1, loss: -6.23, w: [0.1, 0.1, 0.1, 0.1, 0.1, 0.1, 0.1, 0.1, 0.1, 0.1]
im_idx: 28, iters: 1, loss: -0.65, w: [0.10500000000000001, 0.095, 0.095, 0.095, 0.1, 0.1, 0.1, 0.1, 0.1, 0.1]
im_idx: 29, iters: 1, loss: -6.91, w: [0.1, 0.1, 0.1, 0.1, 0.1, 0.1, 0.1, 0.1, 0.1, 0.1]
im_idx: 30, iters: 1, loss: -0.67, w: [0.10500000000000001, 0.1, 0.1, 0.1, 0.1, 0.1, 0.1, 0.1, 0.1, 0.1]
im_idx: 31, iters: 1, loss: -4.55, w: [0.095, 0.1, 0.1, 0.1, 0.1, 0.1, 0.1, 0.1, 0.1, 0.1]
im_idx: 32, iters: 1, loss: -0.59, w: [0.10500000000000001, 0.1, 0.1, 0.1, 0.1, 0.1, 0.1, 0.1, 0.1, 0.1]
im_idx: 33, iters: 1, loss: -1.13, w: [0.1, 0.1, 0.1, 0.1, 0.1, 0.1, 0.1, 0.1, 0.1, 0.1]
im_idx: 34, iters: 1, loss: -1.72, w: [0.095, 0.1, 0.1, 0.1, 0.1, 0.1, 0.1, 0.1, 0.1, 0.1]
im_idx: 35, iters: 1, loss: -1.13, w: [0.10500000000000001, 0.10500000000000001, 0.095, 0.10500000000000001, 0.095, 0.1, 0.1, 0.1, 0.1, 0.1]
im_idx: 36, iters: 1, loss: -2.62, w: [0.1, 0.1, 0.1, 0.1, 0.1, 0.1, 0.1, 0.1, 0.1, 0.1]
im_idx: 37, iters: 1, loss: -1.65, w: [0.1, 0.1, 0.1, 0.1, 0.1, 0.1, 0.1, 0.1, 0.1, 0.1]
im_idx: 38, iters: 1, loss: -2.60, w: [0.10500000000000001, 0.1, 0.1, 0.1, 0.1, 0.1, 0.1, 0.1, 0.1, 0.1]
im_idx: 39, iters: 1, loss: -0.96, w: [0.10500000000000001, 0.1, 0.1, 0.1, 0.1, 0.1, 0.1, 0.1, 0.1, 0.1]
im_idx: 40, iters: 1, loss: -2.56, w: [0.095, 0.1, 0.1, 0.1, 0.1, 0.1, 0.1, 0.1, 0.1, 0.1]
im_idx: 41, iters: 1, loss: -1.42, w: [0.10500000000000001, 0.1, 0.1, 0.1, 0.1, 0.1, 0.1, 0.1, 0.1, 0.1]
im_idx: 42, iters: 1, loss: -5.81, w: [0.1, 0.1, 0.1, 0.1, 0.1, 0.1, 0.1, 0.1, 0.1, 0.1]
im_idx: 43, iters: 1, loss: -2.25, w: [0.1, 0.1, 0.1, 0.1, 0.1, 0.1, 0.1, 0.1, 0.1, 0.1]
im_idx: 44, iters: 1, loss: -1.70, w: [0.095, 0.10500000000000001, 0.1, 0.1, 0.1, 0.1, 0.1, 0.1, 0.1, 0.1]
im_idx: 45, iters: 1, loss: -3.64, w: [0.1, 0.1, 0.1, 0.1, 0.1, 0.1, 0.1, 0.1, 0.1, 0.1]
im_idx: 46, iters: 1, loss: -3.71, w: [0.1, 0.1, 0.1, 0.1, 0.1, 0.1, 0.1, 0.1, 0.1, 0.1]
im_idx: 47, iters: 1, loss: 1.73, w: [0.095, 0.10500000000000001, 0.095, 0.095, 0.10500000000000001, 0.11000000000000001, 0.1, 0.09, 0.11000000000000001, 0.09]
im_idx: 48, iters: 1, loss: -2.74, w: [0.095, 0.1, 0.1, 0.1, 0.1, 0.1, 0.1, 0.1, 0.1, 0.1]
im_idx: 49, iters: 1, loss: -0.10, w: [0.10500000000000001, 0.095, 0.1, 0.1, 0.1, 0.1, 0.1, 0.1, 0.1, 0.1]
im_idx: 50, iters: 1, loss: 3.07, w: [0.10500000000000001, 0.10500000000000001, 0.10500000000000001, 0.10500000000000001, 0.095, 0.11000000000000001, 0.11000000000000001, 0.1, 0.1, 0.11000000000000001]
im_idx: 51, iters: 1, loss: -2.85, w: [0.10500000000000001, 0.1, 0.1, 0.1, 0.1, 0.1, 0.1, 0.1, 0.1, 0.1]
im_idx: 52, iters: 1, loss: -5.79, w: [0.1, 0.1, 0.1, 0.1, 0.1, 0.1, 0.1, 0.1, 0.1, 0.1]
im_idx: 53, iters: 1, loss: -9.00, w: [0.1, 0.1, 0.1, 0.1, 0.1, 0.1, 0.1, 0.1, 0.1, 0.1]
im_idx: 54, iters: 1, loss: -0.44, w: [0.1, 0.1, 0.1, 0.1, 0.1, 0.1, 0.1, 0.1, 0.1, 0.1]
im_idx: 55, iters: 1, loss: -0.48, w: [0.10500000000000001, 0.1, 0.1, 0.1, 0.1, 0.1, 0.1, 0.1, 0.1, 0.1]
im_idx: 56, iters: 1, loss: -1.05, w: [0.095, 0.1, 0.1, 0.1, 0.1, 0.1, 0.1, 0.1, 0.1, 0.1]
im_idx: 57, iters: 1, loss: -0.29, w: [0.095, 0.095, 0.10500000000000001, 0.10500000000000001, 0.10500000000000001, 0.1, 0.1, 0.1, 0.1, 0.1]
im_idx: 58, iters: 1, loss: -0.98, w: [0.10500000000000001, 0.10500000000000001, 0.1, 0.1, 0.1, 0.1, 0.1, 0.1, 0.1, 0.1]
im_idx: 59, iters: 1, loss: -0.93, w: [0.10500000000000001, 0.1, 0.1, 0.1, 0.1, 0.1, 0.1, 0.1, 0.1, 0.1]
im_idx: 60, iters: 1, loss: -0.65, w: [0.1, 0.1, 0.1, 0.1, 0.1, 0.1, 0.1, 0.1, 0.1, 0.1]
im_idx: 61, iters: 1, loss: -2.07, w: [0.1, 0.1, 0.1, 0.1, 0.1, 0.1, 0.1, 0.1, 0.1, 0.1]
im_idx: 62, iters: 1, loss: -6.02, w: [0.1, 0.1, 0.1, 0.1, 0.1, 0.1, 0.1, 0.1, 0.1, 0.1]
im_idx: 63, iters: 1, loss: -1.07, w: [0.095, 0.1, 0.1, 0.1, 0.1, 0.1, 0.1, 0.1, 0.1, 0.1]
im_idx: 64, iters: 1, loss: -1.58, w: [0.10500000000000001, 0.1, 0.1, 0.1, 0.1, 0.1, 0.1, 0.1, 0.1, 0.1]
im_idx: 65, iters: 1, loss: -2.26, w: [0.10500000000000001, 0.1, 0.1, 0.1, 0.1, 0.1, 0.1, 0.1, 0.1, 0.1]
im_idx: 66, iters: 1, loss: -0.66, w: [0.1, 0.1, 0.1, 0.1, 0.1, 0.1, 0.1, 0.1, 0.1, 0.1]
im_idx: 67, iters: 1, loss: -1.16, w: [0.10500000000000001, 0.10500000000000001, 0.095, 0.095, 0.095, 0.1, 0.1, 0.1, 0.1, 0.1]
im_idx: 68, iters: 1, loss: 4.81, w: [0.095, 0.10500000000000001, 0.10500000000000001, 0.11500000000000002, 0.10500000000000001, 0.11000000000000001, 0.11000000000000001, 0.1, 0.09, 0.1]
im_idx: 69, iters: 1, loss: -0.49, w: [0.1, 0.1, 0.1, 0.1, 0.1, 0.1, 0.1, 0.1, 0.1, 0.1]
im_idx: 70, iters: 1, loss: -3.43, w: [0.1, 0.1, 0.1, 0.1, 0.1, 0.1, 0.1, 0.1, 0.1, 0.1]
im_idx: 71, iters: 1, loss: -1.52, w: [0.1, 0.1, 0.1, 0.1, 0.1, 0.1, 0.1, 0.1, 0.1, 0.1]
im_idx: 72, iters: 1, loss: -1.22, w: [0.10500000000000001, 0.1, 0.1, 0.1, 0.1, 0.1, 0.1, 0.1, 0.1, 0.1]
im_idx: 73, iters: 1, loss: -3.69, w: [0.1, 0.1, 0.1, 0.1, 0.1, 0.1, 0.1, 0.1, 0.1, 0.1]
im_idx: 74, iters: 1, loss: 3.58, w: [0.095, 0.095, 0.095, 0.095, 0.10500000000000001, 0.1, 0.11000000000000001, 0.09, 0.09, 0.1]
im_idx: 75, iters: 1, loss: -0.80, w: [0.1, 0.1, 0.1, 0.1, 0.1, 0.1, 0.1, 0.1, 0.1, 0.1]
im_idx: 76, iters: 1, loss: 7.02, w: [0.095, 0.08499999999999999, 0.11500000000000002, 0.095, 0.095, 0.1, 0.1, 0.11000000000000001, 0.11000000000000001, 0.1]
im_idx: 77, iters: 1, loss: -1.48, w: [0.10500000000000001, 0.1, 0.1, 0.1, 0.1, 0.1, 0.1, 0.1, 0.1, 0.1]
im_idx: 78, iters: 1, loss: -0.79, w: [0.095, 0.095, 0.10500000000000001, 0.1, 0.1, 0.1, 0.1, 0.1, 0.1, 0.1]
im_idx: 79, iters: 1, loss: -3.08, w: [0.1, 0.1, 0.1, 0.1, 0.1, 0.1, 0.1, 0.1, 0.1, 0.1]
im_idx: 80, iters: 1, loss: -0.81, w: [0.10500000000000001, 0.1, 0.1, 0.1, 0.1, 0.1, 0.1, 0.1, 0.1, 0.1]
im_idx: 81, iters: 1, loss: -1.72, w: [0.1, 0.1, 0.1, 0.1, 0.1, 0.1, 0.1, 0.1, 0.1, 0.1]
im_idx: 82, iters: 1, loss: -7.56, w: [0.1, 0.1, 0.1, 0.1, 0.1, 0.1, 0.1, 0.1, 0.1, 0.1]
im_idx: 83, iters: 1, loss: -4.31, w: [0.1, 0.1, 0.1, 0.1, 0.1, 0.1, 0.1, 0.1, 0.1, 0.1]
im_idx: 84, iters: 1, loss: -0.19, w: [0.10500000000000001, 0.1, 0.1, 0.1, 0.1, 0.1, 0.1, 0.1, 0.1, 0.1]
im_idx: 85, iters: 1, loss: -3.39, w: [0.1, 0.1, 0.1, 0.1, 0.1, 0.1, 0.1, 0.1, 0.1, 0.1]
im_idx: 86, iters: 1, loss: -1.93, w: [0.10500000000000001, 0.1, 0.1, 0.1, 0.1, 0.1, 0.1, 0.1, 0.1, 0.1]
im_idx: 87, iters: 1, loss: -1.00, w: [0.1, 0.1, 0.1, 0.1, 0.1, 0.1, 0.1, 0.1, 0.1, 0.1]
im_idx: 88, iters: 1, loss: -0.21, w: [0.1, 0.1, 0.1, 0.1, 0.1, 0.1, 0.1, 0.1, 0.1, 0.1]
im_idx: 89, iters: 1, loss: -1.53, w: [0.10500000000000001, 0.10500000000000001, 0.1, 0.1, 0.1, 0.1, 0.1, 0.1, 0.1, 0.1]
im_idx: 90, iters: 1, loss: -2.64, w: [0.1, 0.1, 0.1, 0.1, 0.1, 0.1, 0.1, 0.1, 0.1, 0.1]
im_idx: 91, iters: 1, loss: -0.77, w: [0.1, 0.1, 0.1, 0.1, 0.1, 0.1, 0.1, 0.1, 0.1, 0.1]
im_idx: 92, iters: 1, loss: -1.16, w: [0.10500000000000001, 0.1, 0.1, 0.1, 0.1, 0.1, 0.1, 0.1, 0.1, 0.1]
im_idx: 93, iters: 1, loss: -0.17, w: [0.10500000000000001, 0.10500000000000001, 0.095, 0.10500000000000001, 0.10500000000000001, 0.1, 0.1, 0.1, 0.1, 0.1]
im_idx: 94, iters: 1, loss: -0.51, w: [0.10500000000000001, 0.095, 0.10500000000000001, 0.10500000000000001, 0.10500000000000001, 0.095, 0.10500000000000001, 0.1, 0.1, 0.1]
im_idx: 95, iters: 1, loss: -2.72, w: [0.10500000000000001, 0.10500000000000001, 0.1, 0.1, 0.1, 0.1, 0.1, 0.1, 0.1, 0.1]
im_idx: 96, iters: 1, loss: -4.31, w: [0.1, 0.1, 0.1, 0.1, 0.1, 0.1, 0.1, 0.1, 0.1, 0.1]
im_idx: 97, iters: 1, loss: -0.74, w: [0.10500000000000001, 0.1, 0.1, 0.1, 0.1, 0.1, 0.1, 0.1, 0.1, 0.1]
im_idx: 98, iters: 1, loss: -2.98, w: [0.1, 0.1, 0.1, 0.1, 0.1, 0.1, 0.1, 0.1, 0.1, 0.1]
im_idx: 99, iters: 1, loss: -0.14, w: [0.11500000000000002, 0.11500000000000002, 0.09, 0.1, 0.1, 0.1, 0.11000000000000001, 0.09, 0.1, 0.11000000000000001]
