im_idx: 0, iters: 39, loss: -0.02, w: [0.11000000000000001, 0.1, 0.09, 0.09, 0.1, 0.1, 0.09, 0.1, 0.1, 0.095]
im_idx: 4, iters: 14, loss: -2.00, w: [0.095, 0.10500000000000001, 0.095, 0.095, 0.095, 0.095, 0.10500000000000001, 0.1, 0.1, 0.1]
im_idx: 5, iters: 1, loss: -3.93, w: [0.1, 0.1, 0.1, 0.1, 0.1, 0.1, 0.1, 0.1, 0.1, 0.1]
im_idx: 6, iters: 6, loss: -0.96, w: [0.10500000000000001, 0.10500000000000001, 0.10500000000000001, 0.1, 0.1, 0.1, 0.1, 0.1, 0.1, 0.1]
im_idx: 7, iters: 12, loss: -2.12, w: [0.10500000000000001, 0.10500000000000001, 0.10500000000000001, 0.095, 0.10500000000000001, 0.10500000000000001, 0.1, 0.1, 0.1, 0.1]
im_idx: 10, iters: 14, loss: -0.07, w: [0.10500000000000001, 0.095, 0.095, 0.095, 0.10500000000000001, 0.095, 0.10500000000000001, 0.1, 0.1, 0.1]
im_idx: 11, iters: 20, loss: -0.54, w: [0.10500000000000001, 0.095, 0.10500000000000001, 0.095, 0.10500000000000001, 0.095, 0.10500000000000001, 0.095, 0.095, 0.10500000000000001]
im_idx: 12, iters: 2, loss: -1.50, w: [0.10500000000000001, 0.1, 0.1, 0.1, 0.1, 0.1, 0.1, 0.1, 0.1, 0.1]
im_idx: 14, iters: 33, loss: -0.09, w: [0.1, 0.1, 0.09, 0.1, 0.1, 0.1, 0.10500000000000001, 0.095, 0.10500000000000001, 0.10500000000000001]
im_idx: 15, iters: 1, loss: -0.54, w: [0.1, 0.1, 0.1, 0.1, 0.1, 0.1, 0.1, 0.1, 0.1, 0.1]
im_idx: 16, iters: 1, loss: -0.66, w: [0.1, 0.1, 0.1, 0.1, 0.1, 0.1, 0.1, 0.1, 0.1, 0.1]
im_idx: 17, iters: 2, loss: -2.29, w: [0.10500000000000001, 0.1, 0.1, 0.1, 0.1, 0.1, 0.1, 0.1, 0.1, 0.1]
im_idx: 18, iters: 37, loss: -0.53, w: [0.09, 0.11000000000000001, 0.11000000000000001, 0.09, 0.1, 0.1, 0.1, 0.1, 0.095, 0.10500000000000001]
im_idx: 20, iters: 3, loss: -0.70, w: [0.095, 0.1, 0.1, 0.1, 0.1, 0.1, 0.1, 0.1, 0.1, 0.1]
im_idx: 21, iters: 1, loss: -6.06, w: [0.1, 0.1, 0.1, 0.1, 0.1, 0.1, 0.1, 0.1, 0.1, 0.1]
im_idx: 22, iters: 1, loss: -9.28, w: [0.1, 0.1, 0.1, 0.1, 0.1, 0.1, 0.1, 0.1, 0.1, 0.1]
im_idx: 27, iters: 1, loss: -0.97, w: [0.1, 0.1, 0.1, 0.1, 0.1, 0.1, 0.1, 0.1, 0.1, 0.1]
im_idx: 30, iters: 7, loss: -0.15, w: [0.095, 0.095, 0.095, 0.1, 0.1, 0.1, 0.1, 0.1, 0.1, 0.1]
im_idx: 31, iters: 2, loss: -2.23, w: [0.10500000000000001, 0.1, 0.1, 0.1, 0.1, 0.1, 0.1, 0.1, 0.1, 0.1]
im_idx: 33, iters: 8, loss: -1.08, w: [0.095, 0.095, 0.095, 0.10500000000000001, 0.1, 0.1, 0.1, 0.1, 0.1, 0.1]
im_idx: 36, iters: 8, loss: -1.28, w: [0.10500000000000001, 0.095, 0.095, 0.10500000000000001, 0.1, 0.1, 0.1, 0.1, 0.1, 0.1]
im_idx: 37, iters: 1, loss: -0.10, w: [0.1, 0.1, 0.1, 0.1, 0.1, 0.1, 0.1, 0.1, 0.1, 0.1]
im_idx: 39, iters: 25, loss: -0.54, w: [0.1, 0.1, 0.10500000000000001, 0.095, 0.095, 0.10500000000000001, 0.10500000000000001, 0.095, 0.095, 0.095]
im_idx: 40, iters: 48, loss: -0.03, w: [0.11500000000000002, 0.095, 0.10500000000000001, 0.11500000000000002, 0.11000000000000001, 0.1, 0.09, 0.09, 0.1, 0.11000000000000001]
im_idx: 41, iters: 6, loss: -0.07, w: [0.10500000000000001, 0.095, 0.10500000000000001, 0.1, 0.1, 0.1, 0.1, 0.1, 0.1, 0.1]
im_idx: 42, iters: 10, loss: -0.49, w: [0.10500000000000001, 0.095, 0.095, 0.10500000000000001, 0.10500000000000001, 0.1, 0.1, 0.1, 0.1, 0.1]
im_idx: 44, iters: 5, loss: -3.85, w: [0.10500000000000001, 0.095, 0.1, 0.1, 0.1, 0.1, 0.1, 0.1, 0.1, 0.1]
im_idx: 45, iters: 3, loss: -0.02, w: [0.095, 0.1, 0.1, 0.1, 0.1, 0.1, 0.1, 0.1, 0.1, 0.1]
im_idx: 48, iters: 10, loss: -0.09, w: [0.095, 0.095, 0.095, 0.095, 0.10500000000000001, 0.1, 0.1, 0.1, 0.1, 0.1]
im_idx: 51, iters: 2, loss: -1.06, w: [0.10500000000000001, 0.1, 0.1, 0.1, 0.1, 0.1, 0.1, 0.1, 0.1, 0.1]
im_idx: 52, iters: 10, loss: -0.80, w: [0.10500000000000001, 0.095, 0.095, 0.10500000000000001, 0.10500000000000001, 0.1, 0.1, 0.1, 0.1, 0.1]
im_idx: 53, iters: 1, loss: -5.94, w: [0.1, 0.1, 0.1, 0.1, 0.1, 0.1, 0.1, 0.1, 0.1, 0.1]
im_idx: 54, iters: 16, loss: -0.71, w: [0.095, 0.10500000000000001, 0.095, 0.10500000000000001, 0.10500000000000001, 0.095, 0.095, 0.10500000000000001, 0.1, 0.1]
im_idx: 55, iters: 19, loss: -1.14, w: [0.10500000000000001, 0.10500000000000001, 0.095, 0.10500000000000001, 0.10500000000000001, 0.095, 0.10500000000000001, 0.095, 0.095, 0.1]
im_idx: 56, iters: 22, loss: -0.72, w: [0.11000000000000001, 0.095, 0.10500000000000001, 0.10500000000000001, 0.095, 0.10500000000000001, 0.10500000000000001, 0.10500000000000001, 0.095, 0.095]
im_idx: 59, iters: 15, loss: -0.82, w: [0.10500000000000001, 0.10500000000000001, 0.10500000000000001, 0.10500000000000001, 0.095, 0.10500000000000001, 0.095, 0.1, 0.1, 0.1]
im_idx: 60, iters: 5, loss: -0.40, w: [0.10500000000000001, 0.095, 0.1, 0.1, 0.1, 0.1, 0.1, 0.1, 0.1, 0.1]
im_idx: 62, iters: 1, loss: -1.23, w: [0.1, 0.1, 0.1, 0.1, 0.1, 0.1, 0.1, 0.1, 0.1, 0.1]
im_idx: 64, iters: 14, loss: -0.79, w: [0.095, 0.095, 0.10500000000000001, 0.10500000000000001, 0.10500000000000001, 0.10500000000000001, 0.10500000000000001, 0.1, 0.1, 0.1]
im_idx: 66, iters: 10, loss: -0.12, w: [0.10500000000000001, 0.10500000000000001, 0.10500000000000001, 0.095, 0.10500000000000001, 0.1, 0.1, 0.1, 0.1, 0.1]
im_idx: 70, iters: 36, loss: -1.93, w: [0.11000000000000001, 0.11000000000000001, 0.1, 0.1, 0.09, 0.1, 0.1, 0.11000000000000001, 0.095, 0.10500000000000001]
im_idx: 71, iters: 45, loss: -0.09, w: [0.08499999999999999, 0.10500000000000001, 0.09, 0.09, 0.1, 0.11000000000000001, 0.1, 0.11000000000000001, 0.1, 0.1]
im_idx: 73, iters: 6, loss: -2.16, w: [0.095, 0.10500000000000001, 0.10500000000000001, 0.1, 0.1, 0.1, 0.1, 0.1, 0.1, 0.1]
im_idx: 75, iters: 2, loss: -1.37, w: [0.10500000000000001, 0.1, 0.1, 0.1, 0.1, 0.1, 0.1, 0.1, 0.1, 0.1]
im_idx: 77, iters: 28, loss: -0.00, w: [0.1, 0.09, 0.09, 0.1, 0.095, 0.10500000000000001, 0.10500000000000001, 0.095, 0.10500000000000001, 0.095]
im_idx: 78, iters: 11, loss: -0.62, w: [0.10500000000000001, 0.095, 0.10500000000000001, 0.10500000000000001, 0.095, 0.1, 0.1, 0.1, 0.1, 0.1]
im_idx: 79, iters: 1, loss: -0.95, w: [0.1, 0.1, 0.1, 0.1, 0.1, 0.1, 0.1, 0.1, 0.1, 0.1]
im_idx: 80, iters: 39, loss: -0.05, w: [0.1, 0.1, 0.1, 0.1, 0.09, 0.09, 0.11000000000000001, 0.1, 0.1, 0.10500000000000001]
im_idx: 81, iters: 2, loss: -3.66, w: [0.10500000000000001, 0.1, 0.1, 0.1, 0.1, 0.1, 0.1, 0.1, 0.1, 0.1]
im_idx: 82, iters: 2, loss: -0.88, w: [0.10500000000000001, 0.1, 0.1, 0.1, 0.1, 0.1, 0.1, 0.1, 0.1, 0.1]
im_idx: 83, iters: 3, loss: -2.70, w: [0.095, 0.1, 0.1, 0.1, 0.1, 0.1, 0.1, 0.1, 0.1, 0.1]
im_idx: 84, iters: 49, loss: -0.13, w: [0.10500000000000001, 0.095, 0.095, 0.095, 0.11000000000000001, 0.11000000000000001, 0.1, 0.1, 0.1, 0.1]
im_idx: 85, iters: 2, loss: -1.03, w: [0.10500000000000001, 0.1, 0.1, 0.1, 0.1, 0.1, 0.1, 0.1, 0.1, 0.1]
im_idx: 88, iters: 22, loss: -0.41, w: [0.1, 0.095, 0.10500000000000001, 0.10500000000000001, 0.10500000000000001, 0.10500000000000001, 0.095, 0.095, 0.095, 0.10500000000000001]
im_idx: 90, iters: 2, loss: -0.72, w: [0.10500000000000001, 0.1, 0.1, 0.1, 0.1, 0.1, 0.1, 0.1, 0.1, 0.1]
im_idx: 94, iters: 16, loss: -0.10, w: [0.10500000000000001, 0.10500000000000001, 0.095, 0.10500000000000001, 0.10500000000000001, 0.095, 0.10500000000000001, 0.10500000000000001, 0.1, 0.1]
im_idx: 96, iters: 2, loss: -0.61, w: [0.10500000000000001, 0.1, 0.1, 0.1, 0.1, 0.1, 0.1, 0.1, 0.1, 0.1]
im_idx: 98, iters: 5, loss: -3.85, w: [0.10500000000000001, 0.095, 0.1, 0.1, 0.1, 0.1, 0.1, 0.1, 0.1, 0.1]
